executionParams:
  clustername: BWnemo
  parameters: {timeperjob: 8000, nnodes: 1, nprocs: 10, walltime: 41000}
executable: /work/ws/nemo/hd_wv385-critical-0/experiment/scripts/get_mean_activity.py
envscript: /home/hd/hd_hd/hd_wv385/bin/mysoftware
stub:
  Config:
    NeuronType: step
    neuronIntegrationType: OU
    neuronUpdate:
      theta: theta
      mu: mu
      sigma: sigma
      nsteps: nsteps
    delay: 1
    networkUpdateScheme: InOrder
    nupdates: 10000000
    subsampling: 1
    output:
      outputEnv: True
      outputScheme: SummarySpikes
      outputTimes: [10000, 100000, 1000000, 10000000, 100000000, 1000000000, 10000000000]
    randomSeed: rseed
    randomSkip: 1000000
    synapseType: rect
    tauref: tau
    tausyn: tau
  temperature:
    type: Const
    times: [0, 100000001]
    values: [1., 1.]
  externalCurrent:
    type: Const
    times: [0, 10010000]
    values: [0., 0.]
  bias: [-316.228, -262.040, -217.137, -179.929, -149.097, -123.548, 
         -102.377, -84.834, -70.297, -58.251, -48.270, -39.998, -33.144, 
         -27.465, -22.758, -18.859, -15.627, -12.949, -10.730, -8.892, 
         -7.368, -6.105, -5.059, -4.192, -3.474, -2.879, -2.385, -1.977, 
         -1.638, -1.357, -1.125, -0.932, -0.772, -0.640, -0.530, -0.439, 
         -0.364, -0.302, -0.250, -0.207, -0.172, -0.142, -0.118, -0.098, 
         -0.081, -0.067, -0.056, -0.046, -0.038, -0.032, 0.0, 0.032, 0.038, 
         0.046, 0.056, 0.067, 0.081, 0.098, 0.118, 0.142, 0.172, 0.207, 0.250, 
         0.302, 0.364, 0.439, 0.530, 0.640, 0.772, 0.932, 1.125, 1.357, 1.638, 
         1.977, 2.385, 2.879, 3.474, 4.192, 5.059, 6.105, 7.368, 8.892, 
         10.730, 12.949, 15.627, 18.859, 22.758, 27.465, 33.144, 39.998, 
         48.270, 58.251, 70.297, 84.834, 102.377, 123.548, 149.097, 179.929, 
         217.137, 262.040, 316.228]
  weight: [[0, 0, 0.0]]
  initialstate: [100, 100, 100, 100, 100, 100, 100, 100, 100, 100, 100, 100, 100,
                 100, 100, 100, 100, 100, 100, 100, 100, 100, 100, 100, 100, 100,
                 100, 100, 100, 100, 100, 100, 100, 100, 100, 100, 100, 100, 100,
                 100, 100, 100, 100, 100, 100, 100, 100, 100, 100, 100, 100, 100,
                 100, 100, 100, 100, 100, 100, 100, 100, 100, 100, 100, 100, 100,
                 100, 100, 100, 100, 100, 100, 100, 100, 100, 100, 100, 100, 100,
                 100, 100, 100, 100, 100, 100, 100, 100, 100, 100, 100, 100, 100,
                 100, 100, 100, 100, 100, 100, 100, 100, 100]
experimentName: OUCalibration002

replacements:
  nsteps: [1, 10, 100]
  mu: [func, linspace, -30.0, 30.0, 61]
  sigma: [0.01, 0.02, 0.05, 0.1, 0.2, 0.5, 1.0, 2.0, 5.0, 10.0, 20.0, 50.0, 100.0]
  theta: [0.0001, 0.0003, 0.001, 0.003, 0.01, 0.03, 0.1, 0.3, 1.0, 3.0, 10.0]
  tau: [1, 3, 10, 30, 100, 300, 1000, 3000]
  rseed: [42424242]
