executionParams:
  clustername: BWnemo
  parameters: {timeperjob: 12000, nnodes: 1, nprocs: 5, walltime: 25000}
experimentName: QSNN000
executable: /home/hd/hd_hd/hd_wv385/git/networks/02_QSNN/SAMPLE_ELOC.py
envscript: /home/hd/hd_hd/hd_wv385/bin/mysoftware
stub:
    nsamples: nsamples
    J: 1.0
    h: 1.0
    n: 20
    bind: bind
    bias: [-0.0003879502799, 0.0001142869874, 0.00180808563, 0.0004137933546, -0.0005680183703,
      0.000545933492, 0.0007120691995, -0.003249499508, -0.001122652113, 0.0001396946797,
      0.0006116398273, 0.0006037631488, 0.001449611093, 0.00129548517, 0.0004110657178,
      0.00101678955, -0.0001873211985, -0.002518130707, -0.004438571269, -0.007340175258,
      0.0001413798618, 0.0006663063361, 0.0035692659, -0.0006637380884, -0.001902420652,
      0.004773338964, 0.00083599621, -0.006214953924, -0.003308634282, -0.0004650800319,
      0.00307579955, 0.00459548043, 0.002025634316, -0.005911007966, 0.009465829588, 0.0003828854488,
      -0.0006786985698, 0.0005725177991, 0.0015194373, -0.002922252522]
    weight:
    - [0.06628325676, 0.6276421639, 0.02442310541, 0.01843962157, -0.01767199083, 0.8636033697,
      -0.009164947784, -0.01331419115, 0.03047414247, -0.06850423843, 0.06755240809, -0.1265540844,
      0.03071756641, 0.201247932, 0.04237284204, 0.04121195774, -0.09438697553, -0.003164754563,
      0.03029869557, -0.1146761128]
    - [0.02326699995, 0.4472286862, -0.01234259163, 7.010965667e-05, -0.0568101045, 0.3366534375,
      0.003401261185, 0.01485914576, -0.01369424885, -0.07870074109, 0.01665645513, -0.1538321515,
      0.03466192796, 0.07387715236, -0.13274304, 0.02274762686, -0.5236315695, -0.00624762153,
      -0.007407669939, -0.03943310755]
    - [0.00655187815, 0.1709120111, -0.03587663204, 0.005139331606, -0.05627641502, -0.06677510707,
      0.009593134838, 0.04970251798, -0.03352597156, -0.4214020915, -0.04636600792, -0.1753550795,
      0.0515554157, -0.01459642507, -0.0935953811, 0.02219242542, -1.060932748, 0.008570344209,
      -0.0365951982, -0.003474457484]
    - [0.02069821478, 0.06917262012, -0.02400931501, 0.005377854626, -0.1421861804, -0.03364012561,
      0.01390414831, 0.03338337254, -0.06074681278, -1.173124148, -0.0984577362, -0.1511777233,
      0.06333437774, -0.09030146381, -0.0233536764, 0.02283942357, -0.1732816413, -0.005403769105,
      -0.06002877761, -0.004398290477]
    - [0.01641801087, 0.09602453745, 0.01251911718, 0.01027111236, -0.4866949334, -0.02293547111,
      0.006028268951, 0.01231318079, 0.1088541499, -0.5477690695, -0.03012607794, -0.121343301,
      0.09088910815, -0.07605091716, -0.005324006575, 0.008412541616, 0.009581223268,
      -0.003489581018, -0.02210399466, -0.009468862605]
    - [0.08711286536, 0.0343579553, 0.07351410391, 0.03243552973, -1.052457877, -0.03114199626,
      -0.007910839197, -0.3686078065, 1.211564198, -0.07280661251, 0.01647888461, -0.05433168377,
      0.1661631154, -0.1625415943, 0.02712437972, 0.0934258234, -0.04441760122, 0.001767316607,
      0.02557964034, -0.1048184715]
    - [0.01408580331, 0.02550638786, 0.06685585186, 0.0244853135, -0.3451953364, -0.0001270805392,
      -0.002898355747, -0.005163989551, 0.2224995228, -0.03178154766, 0.01316820915, -0.0909497085,
      0.3190308291, -0.09337661927, 0.006800634846, 0.002737375745, -0.01488588007, -0.00568194166,
      0.3496003559, -0.02198739787]
    - [-0.06139105112, 0.0320914801, 0.02729370848, 0.07080958948, -0.106278052, -0.07521624529,
      -0.04699308409, 0.05891090119, -0.04257715608, -0.07207349776, 0.009655165689, -0.0478811837,
      0.6623760039, 0.0441398195, 0.02012709306, -0.0007786881609, -0.0234915416, 0.005466137783,
      1.410424232, -0.0270479343]
    - [0.01602063451, 0.03899276037, 0.08617882825, 0.4950115058, -0.04805289393, -0.0410270853,
      0.001562263575, 0.00659860841, -0.02536121816, -0.009400560881, 0.0007778035621,
      -0.08020253017, 0.3775848545, 0.03790649724, -0.007556810314, 0.02155943191, 0.00508436598,
      -0.001514308529, 0.3094700045, -0.004845673133]
    - [0.07234192038, 0.01955317754, 0.144016982, 1.384420012, -0.02470018179, -0.05951252469,
      0.007660248319, -0.006499178788, -0.03191456684, -0.003769912705, -0.02622655261,
      -0.1003630228, 0.2107544686, 0.1019124444, -0.02734630437, 0.1055055824, 0.009760408267,
      -0.007489241632, -0.04867646464, -0.009301327114]
    - [0.04246572676, 0.01478173839, 0.2839600018, 0.5155777943, -0.02908495687, -0.02378095287,
      -0.008643826516, 0.02195798337, 0.02393437253, -0.01094421841, -0.1258540875, -0.1141945901,
      0.1204316246, 0.1228642546, -0.02386083019, -0.3824386162, -0.00124976908, 0.009599276769,
      -0.0230397557, -0.001891904118]
    - [-0.229584825, 0.02390247591, 0.4504559911, 0.1377490284, -0.02803258246, -0.00473082574,
      -0.07744830773, 0.05676908158, 0.1204002367, -0.01837914119, -0.3521251685, -0.1342156258,
      0.09480011663, 0.2462778335, -0.06039869244, -0.9952846365, -0.00930290337, 0.04103546616,
      -0.03780347985, 0.02308666649]
    - [-1.139402152, 0.01203265046, 0.4089942538, 0.06153296795, -0.02580439164, 0.05058680202,
      -0.121025336, 0.0649260307, 0.09456404389, -0.01591862792, -0.2031204373, -0.1674595719,
      0.05589044201, 0.1154856659, -0.05876925118, -0.04554252614, 0.006860674519, 0.04355866454,
      -0.0734168516, -0.005234483591]
    - [-0.3894067189, 0.002689997921, 0.2640601666, -0.01319799918, -0.008622807533, 0.004094685173,
      -0.498348127, -0.01240914767, 0.001781678019, 0.01595844652, -0.2249461159, -0.1831492175,
      0.03477248468, 0.0599634613, -0.02933222928, 0.156221485, 0.01188880202, 0.039390243,
      -0.02420128394, -0.02094712371]
    - [0.06874370592, -0.006860426463, 0.1044908133, -0.01235809046, -0.002177437087,
      -0.008775557775, -1.314782161, 0.01944678571, -0.006702812923, 0.01003436606, -0.1759615454,
      -0.1985245936, 0.03094941009, 0.03889621609, -0.03674080227, 0.1416885911, 0.007178991778,
      0.04215293565, -0.04420443806, -0.06992748922]
    - [0.009588173917, 0.01405300022, 0.08239536848, 0.0007378806482, 0.00484393685, -0.02082685822,
      -0.5378781486, 0.1589194427, 0.02940760954, -0.001997163951, 0.04962551229, -0.1710409495,
      0.01863929399, 0.01393020612, -0.014984495, 0.01776667724, 0.009986174034, 0.5171919419,
      -0.01993035566, -0.2407566607]
    - [0.02129979991, 0.04518999242, 0.07044911962, 0.01096552818, -0.002279466523, -0.006226127122,
      -0.08548569361, -0.01715116656, -0.02842138133, -0.005670451731, 0.07282095823,
      -0.1710331541, 0.01349369741, -0.04699949926, -0.04393305845, 0.005571864763, 0.009697840427,
      1.176648621, -0.005298261343, -0.2416279694]
    - [-0.0508691446, 0.07516224869, 0.1007337629, 0.0070832355, -0.0461872652, -0.02066075767,
      -0.04708930827, -0.6557580545, -0.3062995126, -0.01603979652, 0.08866553641, -0.1316953415,
      0.01067229674, -0.1004844961, -0.05257104228, -0.08288628701, -0.03228246022, 0.457843424,
      0.02258239841, -0.5257656534]
    - [-0.04100278162, 0.1790501891, 0.07303449238, 0.004589011311, -0.04804061817, -0.01204870394,
      -0.02674862334, -0.4252568958, -0.2138603023, -0.01796273496, 0.05245478042, -0.1120787246,
      0.02031453414, -0.03056557061, 0.3850531874, -0.0551287437, -0.04672753452, 0.01211190994,
      0.0001325755862, -0.5106161975]
    - [-0.02706225828, 0.38831401, 0.02043646693, 0.02752413476, -0.02043847868, 0.33494469,
      -0.03673102037, -0.0956456059, -0.05582302226, -0.03805403383, -0.04856595468, -0.141350598,
      0.03077265638, 0.09273853184, 1.214063597, -0.01446425814, -0.1228995895, 0.06027175533,
      -0.02162098941, -0.2161328162]
replacements:
  bind: [func, linspace, 0.0, 2.0, 21]
  nsamples: [100000, 1000000, 10000000, 100000000, 1000000000, 100000000000]
